         451
30.000
29.624
29.258
28.904
28.560
28.225
27.900
27.584
27.276
26.977
26.685
26.401
26.124
25.854
25.590
25.333
25.082
24.837
24.597
24.363
24.134
23.910
23.692
23.477
23.268
23.063
22.862
22.666
22.474
22.285
22.100
21.919
21.741
21.566
21.395
21.227
21.062
20.900
20.741
20.586
20.432
20.282
20.134
19.989
19.846
19.705
19.567
19.432
19.298
19.167
19.037
18.910
18.785
18.661
18.540
18.420
18.302
18.186
18.072
17.959
17.848
17.739
17.631
17.525
17.420
17.317
17.215
17.115
17.016
16.918
16.822
16.727
16.633
16.540
16.449
16.359
16.270
16.182
16.095
16.009
15.925
15.841
15.758
15.677
15.596
15.516
15.438
15.360
15.283
15.207
15.132
15.058
14.984
14.912
14.840
14.769
14.699
14.630
14.561
14.493
14.426
14.360
14.294
14.229
14.165
14.101
14.038
13.976
13.914
13.853
13.793
13.733
13.674
13.615
13.557
13.500
13.443
13.387
13.331
13.276
13.221
13.167
13.113
13.060
13.007
12.955
12.903
12.852
12.801
12.751
12.701
12.652
12.603
12.554
12.506
12.459
12.411
12.364
12.318
12.272
12.226
12.181
12.136
12.092
12.048
12.004
11.961
11.918
11.875
11.833
11.791
11.749
11.708
11.667
11.626
11.586
11.546
11.506
11.467
11.428
11.389
11.351
11.313
11.275
11.238
11.200
11.163
11.126
11.090
11.054
11.018
10.982
10.947
10.912
10.877
10.842
10.808
10.774
10.740
10.706
10.673
10.640
10.607
10.574
10.542
10.510
10.478
10.446
10.414
10.383
10.352
10.321
10.290
10.259
10.229
10.199
10.169
10.140
10.110
10.081
10.052
10.023
 9.995
 9.966
 9.938
 9.910
 9.882
 9.854
 9.826
 9.798
 9.771
 9.744
 9.717
 9.690
 9.664
 9.637
 9.611
 9.585
 9.559
 9.533
 9.508
 9.482
 9.457
 9.432
 9.407
 9.382
 9.357
 9.332
 9.308
 9.284
 9.259
 9.235
 9.211
 9.188
 9.164
 9.141
 9.117
 9.094
 9.071
 9.049
 9.026
 9.003
 8.981
 8.958
 8.936
 8.914
 8.892
 8.870
 8.848
 8.826
 8.805
 8.783
 8.762
 8.741
 8.720
 8.698
 8.678
 8.657
 8.636
 8.616
 8.595
 8.575
 8.555
 8.535
 8.515
 8.495
 8.475
 8.456
 8.436
 8.416
 8.397
 8.378
 8.359
 8.340
 8.321
 8.302
 8.283
 8.264
 8.246
 8.227
 8.209
 8.190
 8.172
 8.154
 8.136
 8.118
 8.100
 8.082
 8.064
 8.046
 8.029
 8.012
 7.994
 7.977
 7.960
 7.943
 7.926
 7.909
 7.892
 7.876
 7.859
 7.842
 7.826
 7.809
 7.793
 7.776
 7.760
 7.744
 7.728
 7.712
 7.696
 7.680
 7.664
 7.648
 7.632
 7.617
 7.601
 7.585
 7.570
 7.555
 7.540
 7.525
 7.510
 7.495
 7.480
 7.465
 7.450
 7.435
 7.420
 7.406
 7.391
 7.377
 7.362
 7.348
 7.333
 7.319
 7.305
 7.291
 7.277
 7.263
 7.249
 7.235
 7.221
 7.207
 7.193
 7.180
 7.166
 7.153
 7.139
 7.126
 7.112
 7.099
 7.085
 7.072
 7.059
 7.046
 7.033
 7.020
 7.007
 6.994
 6.981
 6.968
 6.955
 6.943
 6.930
 6.918
 6.905
 6.892
 6.880
 6.867
 6.855
 6.842
 6.830
 6.818
 6.805
 6.793
 6.781
 6.769
 6.757
 6.745
 6.733
 6.721
 6.709
 6.698
 6.686
 6.674
 6.663
 6.651
 6.640
 6.628
 6.617
 6.606
 6.594
 6.583
 6.571
 6.560
 6.549
 6.538
 6.527
 6.516
 6.505
 6.494
 6.483
 6.472
 6.461
 6.450
 6.440
 6.429
 6.418
 6.407
 6.397
 6.386
 6.375
 6.365
 6.354
 6.344
 6.333
 6.323
 6.313
 6.302
 6.292
 6.282
 6.272
 6.261
 6.251
 6.241
 6.231
 6.221
 6.211
 6.201
 6.192
 6.182
 6.172
 6.162
 6.152
 6.142
 6.133
 6.123
 6.113
 6.103
 6.094
 6.084
 6.075
 6.065
 6.056
 6.047
 6.037
 6.028
 6.019
 6.009
 6.000
